Channel_1,Channel_2,Channel_3,Channel_4,Channel_5,Channel_6,Channel_7,Channel_8
-3,-36,-57,8,23,-7,18,127
20,127,53,2,15,12,-4,0
21,-122,-23,-2,-18,18,10,27
-22,-23,-18,-56,-19,-45,-38,-39
-7,77,5,42,31,15,13,-16
-10,61,-20,-37,12,-9,-2,-2
-36,62,12,-38,-108,-12,8,-16
54,-57,127,127,127,60,41,50
-10,30,-115,-31,-28,-9,-25,-13
-29,62,-55,-60,-49,-44,-23,-32
-3,22,16,-15,0,18,20,20
-15,6,25,-6,15,-2,-16,-13
-16,-74,-9,-5,-35,-20,-4,-4
14,3,37,-1,20,12,33,5
-17,18,-15,-18,20,4,-13,-16
12,-31,12,-15,-72,-2,2,23
-17,-54,0,2,14,-2,15,-9
24,60,3,-1,-8,9,-11,-8
7,-54,-16,15,28,0,10,39
8,4,-12,3,-22,70,9,2
-10,-8,-13,-5,-11,-72,-20,-15
-37,-24,17,4,25,-5,-23,-26
-42,-3,-22,-16,-14,-23,-12,-85
46,60,64,9,51,48,20,60
16,3,59,24,21,2,10,9
15,-50,-35,1,20,27,4,-25
6,18,23,-23,-19,-30,21,46
-23,8,-60,-3,-64,-5,-7,-26
-20,11,-15,7,-51,-17,-21,-15
23,82,25,-9,38,18,-1,1
-12,12,-9,-33,-18,-6,2,-4
-10,25,10,45,127,18,5,-2
-13,-116,-10,49,-36,22,9,-9
8,80,4,-9,8,-21,0,-4
2,24,23,-12,11,-19,-9,-4
-5,13,23,-50,-46,-27,-12,12
-11,-33,-9,47,41,-1,7,2
-50,6,-6,-5,-32,-7,-10,-42
8,-23,-67,-17,-20,-12,-20,-8
-11,17,1,-9,-3,20,-11,-14
-7,-26,0,1,2,28,9,-5
-14,-96,6,20,11,-45,10,12
8,91,19,11,8,-10,-12,-17
21,54,5,-16,2,6,-4,9
-20,-52,-16,-13,2,-2,3,7
-25,-128,-14,19,20,7,0,-23
3,7,35,-25,14,-2,-8,4
2,-11,-33,1,-39,23,-1,0
-16,-82,19,-7,-35,-12,3,-11
15,39,11,28,4,-2,-2,-2
7,87,-25,-27,31,14,-5,12
-31,53,25,19,17,-1,-4,-13
-20,-28,-38,-20,-21,-2,-3,4
-8,71,11,-6,0,13,-8,-3
-5,-39,-24,-9,-71,-11,12,-8
30,48,26,15,11,3,5,8
-5,-8,-22,9,21,-1,12,8
-8,-18,-19,-18,8,-1,-11,-5
-5,-53,10,-4,-51,-5,-14,-24
10,35,16,10,9,34,2,20
3,-27,-15,-36,-24,-11,-2,-12
27,120,20,-2,-5,-8,5,-10
6,-31,-24,32,24,1,0,0
-21,-16,-9,8,-5,0,-11,-19
-12,-4,6,-15,-1,13,13,35
-33,-92,-29,8,22,-6,20,34
55,61,50,10,34,18,2,37
4,-28,-7,-22,-5,-18,-6,-12
-32,-18,-27,-22,3,15,-13,-33
-4,-14,-1,-1,-1,13,-13,-29
-5,-21,0,-3,66,-64,15,26
2,-9,-13,6,-43,-2,3,3
6,18,50,47,29,19,12,4
-8,-4,-43,-17,-23,-6,-20,-2
-15,-36,45,-28,0,-8,-19,-19
14,101,-4,37,52,30,10,6
-6,-89,-1,-14,-70,-25,-8,-3
-11,-16,-45,-10,-56,-2,4,4
2,20,8,4,24,-4,-2,14
-5,-21,-61,-24,-43,-9,4,-4
-1,-4,26,14,31,-1,-9,-13
-28,-11,-35,-38,7,-12,-6,-24
-1,-31,30,47,84,19,25,28
-7,40,-23,5,-25,1,-9,-10
3,5,-73,-1,14,-5,-10,-35
-28,-22,73,-5,-15,-16,-32,-24
8,-11,7,-8,-17,0,7,-64
0,-45,-7,5,4,0,3,54
56,43,13,14,25,3,33,86
0,-39,-16,-11,-8,9,-2,-10
0,-21,-19,-10,-14,2,-21,-12
-31,-25,-32,-35,-11,-11,-6,-22
-41,-32,-10,-10,-11,-16,-10,-36
8,60,8,8,-11,28,9,-25
7,22,-9,23,37,-16,9,21
-41,-48,32,-6,-18,-4,-10,-14
48,21,10,6,10,9,11,19
56,3,18,0,12,0,3,22
-8,4,-29,-33,-49,-20,-19,7
-13,-14,3,17,28,-7,6,-5
-1,-15,1,-9,-54,4,-6,6
-39,24,-13,2,16,1,-24,-79
5,-13,57,-39,21,1,13,7
18,-32,2,57,-24,19,40,95
-12,-65,-42,-11,-44,-10,-15,-21
-9,-13,-14,-11,7,0,3,10
17,47,-18,-26,5,-8,-12,7
-16,7,12,-37,49,-14,-16,-33
-2,6,11,-19,-128,-9,0,22
0,11,23,75,27,15,0,-40
17,33,4,-4,2,0,11,39
-24,-32,-16,-16,-2,-4,-6,17
-4,34,1,-19,-43,-15,-14,-32
-16,-61,3,11,40,2,-3,-2
5,-20,-30,-21,-9,-4,-6,-16
-4,59,18,-15,-20,-13,-12,-12
-4,17,8,7,34,2,-11,-39
-4,-57,-30,2,-20,-2,6,6
-7,-5,57,-13,-32,-5,5,7
-9,27,1,36,104,27,12,-5
-5,-128,-26,23,-2,2,3,7
-4,64,-78,-40,-16,-17,-17,-24
12,-41,-10,18,26,21,6,-10
8,24,-14,-30,-26,-15,-11,29
-11,-30,18,-16,-17,17,14,3
-59,0,41,5,4,7,-27,-47
80,73,72,21,33,-2,15,-20
34,19,-36,-34,-27,-14,12,85
-20,-31,-34,-26,-26,-9,5,1
-14,-22,0,35,71,12,-13,-16
-23,-14,-2,-1,-8,2,-19,-30
-3,-61,4,-4,4,1,8,-5
20,27,0,-7,8,-11,3,26
7,12,21,28,34,-6,-17,-41
38,-10,-24,-3,64,24,28,90
19,-2,21,52,19,12,7,-12
25,17,-2,-6,-2,-5,-1,32
-13,5,-3,-24,-7,-20,-21,2
-26,-18,-52,2,12,7,-5,-22
-9,8,55,-16,9,-16,-9,-22
25,44,27,-22,32,-3,3,33
-10,-45,-7,31,-66,11,16,-13
-9,-6,-8,6,14,-4,-17,-12
-7,-23,-30,4,6,2,-9,0
-12,10,8,-10,-27,-18,-9,-16
-10,-25,-62,-26,-24,-6,2,-11
-16,-1,8,-4,-7,-29,2,0
-8,-27,8,-28,12,-6,-13,-7
11,27,11,5,-46,0,1,7
20,26,1,36,6,19,11,6
-17,14,-22,-9,-10,-13,-15,-21
-35,-45,-20,-25,-8,-12,-15,-16
2,9,-12,-16,-74,-6,-6,-37
-2,1,13,-10,84,-5,0,-9
10,-105,4,37,-18,19,8,-20
-10,42,-12,30,-24,3,6,14
3,30,16,-24,-16,-7,-9,44
7,43,-12,-8,5,-2,0,-15
-8,-9,5,-9,1,-2,-12,-7
-63,-37,-44,-48,-10,-37,-63,-61
8,-53,-14,4,-82,-32,35,-32
58,31,69,58,98,34,30,73
6,6,-62,-18,-66,-14,-8,-1
-37,-41,-7,-13,-7,-8,-12,-24
3,32,18,18,33,4,-4,-10
1,45,27,-34,-37,-10,3,-8
28,-11,-1,1,6,-3,-1,27
-18,1,-17,-3,-15,3,0,-19
-4,-26,-37,-16,7,-4,-1,-27
1,-46,-4,-19,-27,-13,-14,17
10,56,12,28,-5,-1,-16,1
-2,-2,21,-23,11,-17,9,1
-19,-18,-20,-15,-48,-15,-4,-11
-13,-4,-21,-19,-37,-3,0,-6
5,-15,5,28,57,-9,-11,-13
2,41,20,0,-75,14,13,5
9,47,-8,40,104,35,5,-2
-3,72,12,-28,-57,-5,-21,-14
-19,10,33,-7,45,19,-8,-16
5,6,7,14,-73,-33,25,18
23,-43,-27,-9,-61,-8,0,0
-2,-2,-17,-10,0,2,-11,4
-24,-79,17,-4,26,1,-2,5
15,56,13,-25,-2,4,9,-39
16,-7,-15,21,-43,13,-12,-25
49,19,3,5,9,-15,15,127
-19,-22,1,-20,-5,-14,-5,-13
-14,-9,-30,-11,-24,12,-9,-15
-23,-1,-4,-14,-128,-37,-6,-24
7,-85,54,32,104,49,29,-2
-6,12,-41,-22,-43,1,-10,4
7,15,33,-3,19,-6,-9,12
-5,30,-25,-21,-9,28,-14,-28
1,-4,14,20,-10,0,16,-8
-4,-5,-4,-11,-7,25,12,22
14,-13,-16,-48,-14,-26,-10,2
-24,-46,-29,14,91,14,-4,-17
-10,50,56,18,-107,-7,4,-5
-15,-65,-6,38,5,14,2,-1
12,-5,-26,-20,6,2,-15,3
-2,-23,-49,-33,-10,-1,-9,-26
0,-30,-24,-20,15,-13,9,4
-15,-25,-7,6,5,-6,-6,32
-69,-11,9,15,6,0,-29,-75
20,53,26,-40,-43,21,8,-41
46,-6,-50,-19,-79,-3,27,81
27,55,33,34,17,10,13,36
-9,-60,-5,-17,-18,-19,-9,0
-27,-25,-35,32,76,19,-4,-28
-20,-4,-19,-18,18,-4,-13,-16
-8,-44,46,-45,-67,-3,-6,-21
16,26,-30,20,-4,-2,-11,-9
-14,7,24,25,36,32,1,-4
-4,8,-14,-6,14,16,12,1
6,25,21,-5,20,-25,-1,-1
-4,-14,-6,-24,-31,-12,-15,1
-12,-19,9,9,-9,0,-15,-13
-10,-24,-13,-4,11,-42,-10,-14
10,9,12,-28,14,1,-3,-10
8,76,0,-14,-60,-31,7,20
2,-22,11,44,-28,1,0,3
2,18,-4,2,6,19,0,16
-87,-52,-15,-23,0,-6,-36,-86
51,89,15,-32,-39,14,25,-39
43,-65,-29,50,103,-14,26,85
-20,41,-42,-4,20,-10,-30,-18
29,98,76,4,-28,1,11,-33
8,-64,-24,5,-25,-2,24,89
-11,-53,-27,-16,-25,1,-9,17
0,23,6,9,55,27,-4,-13
-8,54,8,-15,22,-13,0,-25
-9,14,-44,-25,-85,-7,0,-7
13,2,63,19,21,-6,-2,2
-18,-26,-16,8,30,31,-16,-14
-6,13,18,-30,-37,-32,7,5
-5,-46,6,20,14,-9,-12,-7
-32,-8,-34,-24,-38,12,-8,-6
19,-13,-2,47,21,11,9,10
22,-3,8,-14,0,0,-10,-9
-1,2,-42,-43,-29,-21,-10,-13
-9,-4,-10,17,31,2,1,2
-3,-11,-15,9,-15,-11,0,7
-14,-5,97,16,-21,7,5,4
-17,-24,-7,12,63,2,-3,-4
-4,35,-20,-33,-43,-3,-6,-23
17,20,27,29,43,4,8,10
7,10,6,-64,-128,12,3,3
-25,-19,-19,61,46,-6,-5,-46
2,2,-10,-23,16,8,3,7
-12,-24,-11,-2,25,12,12,21
-54,-54,-34,-33,-52,-21,-26,-3
51,67,68,10,79,24,10,-68
33,22,-70,-4,-15,-11,-3,83
7,25,20,16,-24,-13,-19,19
-14,-38,-4,-5,-26,-11,14,-4
3,38,-8,4,16,-5,2,-8
-12,36,35,-19,1,-4,-6,-13
-10,-31,7,10,24,17,5,-7
-20,-52,-31,-11,8,20,-7,-23
21,-3,11,13,-53,-4,6,8
-2,1,-22,-5,-26,-40,0,2
-4,3,-7,-14,-18,-14,-17,-16
-7,-12,1,-20,-22,-4,-13,2
-38,22,4,-17,-6,-10,-9,-25
41,-31,23,47,40,22,21,14
21,27,6,26,40,-1,-5,4
-24,10,-6,-37,-35,-2,-5,-24
-5,26,-4,-21,-35,-19,2,29
2,-20,-3,5,-25,11,-6,-3
-16,-53,-17,-3,-23,-20,-8,-13
-13,5,11,-22,65,-14,-7,0
-14,-66,9,18,1,18,-1,-13
18,109,-13,9,-2,20,7,-2
-12,-49,-49,-23,-98,-18,-11,-41
51,6,37,36,52,3,21,62
7,13,-5,-27,-57,-12,-11,11
-10,2,-9,-25,-12,-10,-11,-12
-20,-27,-3,-2,60,18,-9,-4
-15,-24,-14,30,0,-5,-1,-14
10,48,8,-21,9,-5,-6,-17
-14,-24,3,31,-24,-6,0,16
-2,-32,-42,10,8,0,-8,-61
33,-19,-37,-33,-32,-14,-7,87
-2,-4,33,-14,-34,-14,-8,-1
-5,5,13,-2,43,5,5,-7
-28,-17,-7,23,62,6,2,-23
-11,-72,-3,-14,-10,-21,-8,-19
34,127,64,6,-22,-3,-9,-16
10,19,-1,22,7,13,-1,10
-17,-66,-14,-20,3,18,4,-9
-1,-35,0,-5,-19,-26,0,13
-7,0,10,-3,6,7,6,-22
10,45,-14,-25,15,-2,-2,5
-29,-69,-13,27,-5,13,7,9
12,21,-3,-16,-4,5,-9,-8
10,28,6,12,12,-20,-7,-2
-3,4,-18,-1,-42,-7,-6,-10
-10,-25,-4,-11,-24,-8,-4,-1
-35,-10,-26,2,58,50,-3,-17
8,-14,14,-26,-13,-22,10,-11
23,-1,13,-19,-29,-41,-10,-11
46,53,60,96,14,31,20,19
-29,-10,-54,-21,19,6,-4,22
-13,-9,56,12,-2,-9,-10,-8
-28,-26,-22,-33,-46,-27,-15,-28
-15,-28,-24,-28,-57,-12,6,-5
5,-7,-9,0,3,-3,-1,17
20,36,14,11,5,-3,-9,6
13,-45,-13,-34,28,-18,-21,-3
-6,10,-7,34,-54,3,3,-21
25,13,-3,0,8,-4,11,58
-13,-28,-14,2,34,0,-1,8
1,28,3,2,6,2,-9,-14
-17,-27,-4,-24,-37,-6,-15,-19
-18,-36,-13,-41,52,4,7,-6
10,19,5,42,-104,-4,12,-6
4,-8,3,7,10,1,-5,1
2,37,8,-14,-8,-4,-6,1
-9,35,14,5,13,0,-7,-9
-13,-22,-16,-2,26,-4,-6,-5
-12,21,-2,-7,-17,1,0,-7
-15,-6,-10,-14,-22,-7,-13,-25
8,-23,-7,-29,0,-24,-7,17
-22,-6,9,-2,-32,24,6,0
41,-4,23,10,-29,-20,15,-14
6,-17,-47,6,-19,4,7,31
-1,-17,79,7,-12,9,1,24
-16,-13,3,-12,-9,-11,-10,-12
-62,-19,-39,-14,6,6,-24,-78
48,28,43,38,12,34,9,-50
100,123,4,-9,38,-20,17,127
-12,-7,-50,-19,-69,-29,-10,-8
-10,-2,20,34,31,17,0,-17
-15,-46,-30,-19,-55,2,7,-2
-27,-15,37,6,15,10,1,-29
11,-21,9,8,33,-5,3,21
16,51,1,2,16,1,13,3
2,41,1,-54,26,12,-15,17
-18,3,-9,-11,-97,-17,10,-10
8,-11,21,74,34,7,-1,-4
-15,-23,-16,-6,7,0,-3,-7
-10,-7,15,-42,-20,-14,-12,-6
-11,5,-13,-6,65,12,-18,-14
-15,-35,-1,-24,-31,-18,-3,-63
31,-23,-9,23,99,62,16,101
2,23,6,-10,-98,-30,-7,-14
7,-1,-1,1,-17,-2,-2,9
2,14,16,9,14,8,-6,1
-4,-8,-6,-19,-13,-39,-9,-18
15,46,-4,5,30,-3,-9,-4
-26,-43,-32,-2,0,7,-9,-17
-37,-36,31,-19,-26,0,-5,-26
60,-24,54,27,94,28,29,24
24,68,-28,59,-27,9,4,-14
3,13,-21,-18,-18,-1,-12,20
-13,-9,11,-3,-8,-7,-12,11
-17,-10,11,-9,4,7,-3,-60
8,-28,-5,-4,18,-2,10,73
27,-5,10,-17,-47,-10,0,27
-28,-45,22,1,15,38,-2,17
4,28,-2,11,38,3,1,-49
59,54,-3,25,-10,16,3,-7
5,-40,0,-27,0,-8,21,107
-15,-8,-14,-13,6,-4,-6,-24
-15,-6,-21,-5,11,-7,-10,-17
-35,-26,5,-28,-57,0,1,-16
-24,10,-12,26,-26,8,14,-12
36,14,98,27,1,24,5,-22
-1,14,-6,-13,-39,-29,-10,28
7,24,-25,-37,20,-3,-9,13
-14,-14,-10,9,35,-24,-4,-7
3,-32,-22,0,-15,16,15,4
-14,50,31,-15,14,2,-6,-15
-14,-35,-30,-15,-22,-8,-5,-7
-6,5,3,-31,-47,-14,-11,-1
-6,-20,6,23,10,4,-9,-28
0,-28,-8,13,-8,10,-4,-4
-1,-5,-3,3,41,1,-6,-1
-9,-4,-7,-14,22,-6,7,-2
-29,-25,-19,-9,10,7,-4,-14
-28,-93,-3,0,-45,-22,-18,-9
46,125,6,33,33,20,15,-80
0,-102,-3,9,22,7,10,77
24,30,-24,-1,-10,8,4,40
-1,19,-2,-21,-23,-7,-6,13
-4,4,6,-12,-19,-11,4,6
-18,-17,1,4,2,5,2,-35
-8,-26,-1,-4,-11,-8,-6,-25
-44,73,15,-2,25,-6,-16,23
44,16,33,8,-21,2,49,-10
12,15,-32,-15,-31,-24,-9,-16
1,11,-35,-34,-43,-22,-14,22
-15,-10,-29,-9,-3,-2,-6,-15
-9,3,58,15,16,11,2,-15
-3,-18,14,14,8,15,1,19
-14,4,22,0,9,-25,-6,-9
20,37,-8,-21,4,-4,-1,-1
-6,-18,15,41,-8,12,1,-20
-14,-34,0,-6,-2,-11,6,0
11,40,5,-8,-44,16,-5,-6
-4,7,-12,-14,44,-18,-11,5
-8,-40,33,-29,-116,-25,-10,-1
-25,10,-9,-4,22,-1,-5,-80
31,29,39,8,57,5,32,100
-3,-44,-36,-42,-119,-3,-5,30
21,26,24,32,35,-12,2,-10
3,1,-16,-13,0,7,0,0
-9,-5,-2,8,26,-8,-10,-11
-42,-20,-12,-9,12,-6,-6,-22
-12,-30,-16,-63,-100,-24,-13,-19
17,11,9,25,38,36,-4,-40
7,59,-7,68,70,14,21,38
11,-18,5,-17,3,2,1,8
-18,-32,-30,-15,-17,3,-2,-8
-1,-42,3,-33,17,-37,-8,5
-8,17,6,-16,-43,-2,-19,-17
-20,2,-20,1,40,-1,0,-20
-7,-75,-20,-2,0,2,5,9
2,-7,7,-5,-8,-4,-20,-14
11,38,-5,-3,-20,-14,-10,-58
34,38,-10,-14,-19,-8,33,70
2,-7,-10,-4,2,-3,-11,40
-25,-6,35,-1,10,1,-18,-29
-33,-47,-10,13,-27,4,-17,-36
37,25,4,11,27,14,26,8
-33,-16,6,-12,-22,-6,-7,53
4,26,-19,-16,-16,-8,16,-24
31,-18,-32,-6,16,-17,2,-3
35,2,-31,-10,24,14,-8,72
-9,1,16,-11,-8,-18,1,-13
-13,-5,21,42,-5,13,-2,-17
-19,-48,-54,-72,47,0,-5,-17
-29,126,94,74,-4,14,17,7
75,0,49,46,127,23,8,11
-21,-29,-78,-66,-106,-39,-23,-8
-13,-12,3,11,46,18,-4,-12
-16,-17,-3,-21,48,-11,0,-3
-5,9,8,-32,-53,-5,14,9
2,2,-26,17,44,9,2,-1
-9,-59,23,-17,-70,-20,-3,-6
9,52,42,19,-25,28,17,20
17,13,19,-3,21,-13,6,-23
4,-29,-1,-23,-19,-11,5,23
-4,0,-4,-10,-9,-14,11,9
-2,2,-21,-6,-6,-10,-11,0
-29,-56,12,8,27,-7,-13,-42
36,-20,10,-10,24,-1,-9,39
3,25,34,21,23,8,8,-10
20,89,-15,-20,-9,-5,13,-16
23,28,-18,-20,-49,-14,9,33
-20,-18,1,30,18,4,-12,-9
2,-19,-35,-13,-42,1,-4,-7
-17,-15,36,22,74,11,-5,-24
2,7,-22,4,6,-23,-13,-1
-3,-53,-21,-30,-32,-14,-6,-2
-14,-25,-9,-41,4,-15,-15,-6
8,51,13,53,46,3,17,8
-10,-22,-43,6,-17,6,0,-4
-3,52,20,-11,36,9,0,-1
-12,-38,-31,13,-9,4,-4,-8
-9,-59,6,17,21,5,-5,3
16,50,67,-12,-41,-6,-9,-19
-1,3,-36,-24,0,-35,-6,29
-3,-11,-16,-27,1,-22,0,4
4,14,-8,-19,-128,-22,3,14
-16,-36,-20,31,70,23,4,-8
19,-19,-3,-18,11,-5,-4,8
7,-3,62,45,10,5,-2,-13
-12,63,-26,17,15,-8,-24,-18
3,-6,-6,31,72,10,-2,-42
21,-30,-61,-63,-102,-29,5,-25
24,35,63,9,49,22,31,123
1,49,34,-27,-5,-11,-4,0
-10,2,5,32,25,2,-10,-19
-14,-12,-34,14,67,10,0,-23
-18,-28,-27,-12,-38,-14,-4,9
-28,-11,-12,-11,-37,21,4,-27
-24,-31,-10,-7,29,6,5,3
24,99,13,9,-25,-11,2,-13
12,-1,-24,-55,-48,10,-3,54
2,-31,-2,-19,35,-19,-4,14
-32,-61,-12,99,92,20,8,-22
20,-49,8,14,6,26,3,5
7,77,6,-15,-16,-19,-7,1
-9,-1,-32,-41,25,12,7,-1
-43,-104,33,-24,12,-6,-6,-13
20,66,17,19,-25,-30,-8,-26
19,65,-9,-14,-58,8,5,45
-15,-34,3,6,10,-21,-14,-21
-9,8,-30,-60,-53,-7,5,7
-2,47,26,44,14,12,2,-12
10,-81,-59,-12,-7,-24,-13,20
-3,36,60,-17,-15,-5,-11,-10
-31,-21,-8,-7,-41,-9,-16,-65
7,33,-25,-10,-14,5,10,42
-24,-98,-6,4,16,3,-4,-24
6,2,-17,30,13,-11,5,-32
10,5,-6,-37,-29,12,17,43
1,-4,-128,-20,27,-5,-3,5
-18,34,127,-27,-59,5,9,-16
28,26,6,20,-128,-7,3,6
1,-42,-60,17,-4,1,-14,-12
-10,32,16,-8,5,-11,-5,-7
-14,-19,13,-30,19,-5,-7,-14
-19,27,-1,1,-32,3,-11,-4
-4,-3,4,5,-50,-42,-5,-40
12,-2,-7,-49,-10,-6,13,20
31,6,-20,28,-1,2,9,62
-23,-25,-11,3,-5,-2,-14,-12
-7,55,20,-9,10,-7,-11,-17
-22,-53,-14,-3,11,-16,5,-12
18,60,23,-12,-28,1,10,2
17,-4,-27,-7,4,7,-8,-9
-12,-45,11,-18,1,-34,-18,-16
3,-10,-7,-5,-6,11,9,3
-27,-34,14,-18,104,53,-16,-15
9,45,3,85,-39,23,19,8
22,23,-35,30,-1,-21,3,8
-8,8,109,5,5,-3,-12,-3
8,-21,-13,-17,16,0,8,-10
-33,-26,0,-21,-24,-17,-7,-19
1,27,33,15,90,8,-6,8
3,-5,3,-14,-43,23,3,19
-2,-57,-4,-3,-52,-20,4,12
27,92,16,-1,23,27,0,-11
-19,-18,-36,-1,39,-2,2,-23
-22,-19,-16,-15,-19,-7,1,-2
-1,10,29,20,-8,9,3,2
-1,-34,-14,-16,1,0,-10,1
-5,-1,-5,-14,11,-38,-9,-5
-11,-67,-22,-30,-46,-20,-2,-34
22,61,44,37,100,22,14,32
-10,23,-15,4,-41,-11,-2,-64
15,-28,-2,1,-14,0,1,68
-10,5,-30,-36,-23,-17,-6,-6
-21,-51,5,25,58,22,-14,-38
16,24,-32,-6,-1,-9,-4,17
-3,25,34,-30,-51,2,6,-4
-11,-64,-21,20,52,-24,-5,-3
5,-32,3,-30,-35,1,9,4
-12,52,-20,15,67,0,-8,-7
17,39,16,18,-1,8,2,12
-8,-28,2,-17,-59,-2,-3,-9
-7,-4,9,1,21,7,2,0
-4,-7,3,-28,37,4,2,-11
-10,-3,6,4,34,34,6,-22
7,-8,-18,17,-44,-8,20,44
-22,-14,13,-2,-9,2,-9,-10
-4,-9,31,-23,-25,4,-19,-10
25,28,-20,22,47,-3,20,-2
-8,-23,-32,-40,-35,-49,-5,7
13,34,25,42,4,18,11,9
-12,0,5,5,-5,5,-6,-6
-33,-12,-42,-17,0,11,-17,-18
-20,-19,45,5,45,-27,22,-39
56,35,48,-5,-24,-1,8,52
21,-20,-51,7,-31,9,-21,15
-6,8,-14,0,-8,-2,14,50
-6,-29,23,-22,-3,4,-9,-18
-39,3,-41,3,-12,-29,-21,-114
0,-31,-45,-16,-14,-7,6,55
15,63,23,18,44,27,20,64
-15,-61,-25,-17,-31,-10,-3,-13
14,70,72,37,63,15,4,-11
5,-18,-24,-9,-32,1,-3,-11
-11,-24,32,15,21,-1,-14,-21
-12,-12,-15,-23,-21,-11,-4,-10
-10,10,-3,-14,-7,-13,-13,-8
-15,-7,-13,-33,95,-11,-10,-11
22,38,0,5,-128,1,11,7
-5,-17,-30,13,-17,35,11,3
6,-85,2,-23,-28,-36,-17,-1
11,89,-28,21,46,2,5,-13
-1,46,44,-17,-9,2,-11,0
2,-21,-28,21,24,-17,-5,-7
-15,1,-16,-13,-41,-4,-2,-5
-20,-35,-8,-9,-15,4,-7,-18
-32,-2,-8,-34,1,-27,-24,-26
7,-8,5,20,-22,20,19,8
13,-16,-15,-1,-19,-8,9,-7
-4,-5,-3,-4,18,-5,7,5
-2,23,39,-20,-20,-27,-5,13
-1,-11,22,42,42,18,-5,-9
-19,-1,-29,-3,-15,-11,-18,-67
4,18,-11,-23,-13,-12,6,58
-11,-16,-23,-6,-9,1,-5,15
-48,-29,13,-41,34,-40,-18,-60
67,71,16,-9,-128,0,34,35
51,-18,2,80,98,39,34,120
-9,-23,-11,-9,-12,-5,-11,-14
-22,-29,-43,-17,8,-2,-10,-24
-13,26,38,-8,-34,-10,-11,-22
-18,41,-6,-22,-63,-5,-9,-15
11,11,26,9,-1,-1,1,-7
-4,-58,-9,-27,-24,-8,-2,-7
-12,-27,-42,9,60,-4,-12,-16
-6,8,-58,0,26,-8,-9,-9
0,-32,77,-6,-15,-18,5,20
-7,-17,-12,33,-33,-9,-4,-11
50,66,19,21,35,12,12,12
-3,40,-27,4,10,14,-3,4
-7,7,9,-10,31,9,-12,-6
-13,-15,-14,-33,-1,-4,-10,-8
-14,-18,-15,-20,-23,-32,14,-4
28,-25,41,61,59,21,8,26
9,21,-22,2,24,-2,-15,2
-15,11,-22,-34,-33,-15,-12,-5
-51,-43,-8,-20,-82,-22,-25,-60
46,26,11,19,76,29,5,3
9,-14,-16,5,8,-6,11,40
0,6,1,-4,-16,39,5,36
-37,1,-6,-14,-13,-2,-10,-47
24,-2,-1,-1,16,-10,6,1
5,-59,-4,1,-7,1,8,-25
2,9,-40,-20,5,-8,-1,29
9,56,1,-19,-19,-10,-17,-4
-2,8,-1,-6,4,-5,10,-11
4,50,17,29,49,4,8,11
5,-34,26,-5,-33,3,-4,3
-19,30,34,-1,4,-10,-20,-17
-10,-28,-13,-13,3,-1,0,-52
23,-8,-43,-25,-24,-9,-3,40
5,-24,-17,26,2,8,3,37
-11,50,2,19,26,12,-3,-22
-61,-50,12,-7,13,-5,-16,-60
127,90,43,13,8,15,12,61
31,63,-16,-51,-21,12,0,37
17,12,-5,41,4,-21,20,52
-12,-16,-3,3,-16,-10,-2,-9
-2,-10,-10,-12,-17,14,-6,-7
-9,10,32,-13,27,-6,-10,3
-19,-9,-2,-2,-71,-11,-3,-26
-7,-46,4,-7,-1,-9,-4,-10
8,12,0,-11,-8,-1,-7,15
-23,-38,25,39,74,15,24,-2
5,27,-15,43,73,34,2,-16
2,-17,14,-3,-10,-8,-14,-24
4,-4,-28,-28,-36,-8,3,42
-4,-11,-33,-1,5,-1,-4,-11
-5,-24,64,9,9,-7,-3,3
3,80,1,-14,9,1,1,-4
-25,-31,-1,-18,-20,-15,-9,-10
-22,-54,-77,-2,46,-7,-17,-28
-35,-36,10,-16,-60,-10,-9,-19
-32,-23,19,5,31,-11,-23,-55
62,24,-6,-4,-68,26,8,11
-5,75,5,12,22,-8,12,-5
-5,-9,-4,-17,26,3,21,72
24,11,38,11,-47,-2,7,17
-9,-42,-16,-32,-16,-9,-11,-17
-24,-37,-25,4,-44,-8,-6,-9
-28,-96,27,33,56,13,-17,-83
55,93,24,-16,-19,1,22,66
16,54,18,-2,-4,7,-4,26
-18,-7,-69,-24,5,-21,-20,-24
-11,-5,-6,-17,-66,-1,-2,-26
-29,-34,-6,19,-17,10,5,-7
44,-2,21,2,7,-6,9,23
0,50,1,3,-3,-8,-10,2
-13,-9,-14,-51,30,-12,-11,-14
9,-7,35,10,-69,26,29,20
-9,-53,-4,36,7,-8,-3,-1
-25,-24,-17,17,24,-9,-19,-62
47,84,29,5,11,4,2,-4
27,-28,-4,-27,-27,-19,10,127
-12,51,-15,0,17,4,4,-21
-4,-29,19,31,51,24,-8,-31
-28,-63,-42,-29,-14,-37,-11,16
12,18,27,42,50,20,3,4
-2,-32,10,-12,35,1,4,7
36,7,21,3,-75,-1,2,9
-28,38,-51,-25,-25,-14,-17,-39
-2,1,38,-3,-39,-17,-18,-8
2,23,-19,-15,-18,-18,-9,-8
-23,-25,-6,0,9,-9,-2,-21
-33,-8,-32,8,15,6,-11,-37
40,41,54,-12,5,-6,-6,0
13,-59,-26,-35,24,9,3,88
15,46,-32,34,-51,0,13,-62
-20,-1,53,-10,-19,-4,3,17
3,36,62,35,24,29,24,52
33,22,-15,-16,12,-15,-9,10
-11,-52,-25,-24,-29,-11,-20,-46
13,25,11,-4,-24,-5,3,9
2,-3,-10,-9,-31,-9,6,6
-18,-16,-19,22,35,17,0,-6
-22,-17,-15,-3,-16,-4,-1,-11
20,-6,-26,-25,35,-3,-3,10
-4,35,16,-14,-128,-22,-11,-5
-8,-2,10,18,6,1,-6,-24
-4,-55,-4,-19,-26,-10,3,20
16,21,-27,-25,-22,1,3,22
12,17,-5,10,-2,-3,-9,-21
-24,-1,-1,-22,5,-9,-9,34
11,-13,-45,-36,-70,-17,9,-23
29,52,63,77,74,31,11,61
-37,-70,-21,-17,-44,-18,-15,-52
-46,-27,16,4,2,-2,3,-39
74,46,9,-13,6,0,14,127
-7,-60,-81,9,6,-5,2,1
8,2,82,-3,-6,-3,-2,-7
-17,2,-20,-28,-48,-20,-13,-15
-9,19,-19,10,81,5,-12,-13
-17,26,95,-10,-33,-17,-8,-16
12,-13,-59,4,-24,11,19,7
3,-36,-3,-50,17,19,11,-5
-14,-36,-102,-33,-128,-41,-10,-25
26,20,53,59,36,8,16,41
-4,12,8,3,13,7,-3,-6
-12,-15,2,-4,38,-4,7,-17
-3,-24,-15,-31,-94,-20,-5,20
37,36,7,36,10,7,-5,13
-4,45,2,3,49,9,-9,-7
-18,-60,-14,-31,-27,1,0,-55
15,-40,-31,-19,-9,11,2,65
-28,-56,-11,-20,6,-21,3,-28
-8,73,-12,-8,66,2,-9,4
20,-58,69,-1,-95,-1,17,35
-32,1,26,39,39,15,-6,-52
16,127,37,0,31,-4,-6,-52
4,-21,-22,-10,-8,-6,14,109
-5,-20,-24,-33,-23,-11,-9,3
-7,-1,20,-7,-36,-3,-9,-15
-16,-48,-14,-13,-10,31,5,-15
-8,23,12,-4,8,-5,0,4
21,21,47,22,22,-5,-2,-2
5,22,-7,6,8,-5,-7,1
-30,-32,-47,-37,-32,-9,-1,-23
-3,-20,-14,6,-2,3,0,-11
1,-20,-55,5,29,10,11,43
-16,-26,41,-25,-7,-14,-6,-12
27,15,57,-35,22,-52,-26,-25
2,-14,-97,45,-56,23,20,44
-6,26,20,28,42,4,-1,-10
15,-1,35,-4,-7,22,13,4
-5,33,8,-17,-6,9,-4,9
-17,-14,-33,-42,-72,-34,-20,-30
20,53,10,14,0,-6,3,27
-32,-3,12,10,39,-8,-5,-42
9,-25,-15,-15,6,11,5,12
14,38,31,-5,-22,5,2,-1
-28,-52,-37,2,17,-2,1,-14
-16,-14,5,-6,30,3,2,-7
-12,-6,-14,-18,-11,-19,-3,-1
20,-43,2,41,5,12,2,-17
17,11,2,13,2,-9,1,80
-22,8,-59,-22,21,28,0,-9
-1,7,87,-3,-30,-21,-15,-19
-25,-57,-23,-6,35,11,-20,-23
-2,-33,-19,-6,-8,-10,5,-14
21,97,17,28,1,20,-8,-21
-30,-26,-43,-15,40,-41,-11,-9
46,68,59,-12,10,-5,21,35
-10,-41,0,23,15,6,-4,-13
21,-20,1,-29,-26,-13,-10,14
-22,-11,5,30,25,4,-6,-27
-22,5,-27,-35,-25,5,2,5
4,-31,32,53,101,24,21,10
3,-2,-11,-7,-6,-12,-14,-13
-5,-14,-11,2,-11,-5,-8,-8
-9,-30,-32,-66,21,-5,-5,-8
4,-10,-25,16,-61,8,4,-4
2,32,49,46,30,2,16,33
19,-8,17,0,7,-1,13,11
-24,-5,-22,-16,22,-6,-14,-25
-16,8,24,-28,-85,-16,-9,-27
24,36,-5,6,18,18,3,36
-9,-24,-39,15,4,-9,10,10
-3,2,6,-5,18,12,-3,13
-40,-31,-12,-19,-54,-50,-27,-32
20,80,32,34,88,43,16,16
15,-51,-7,1,-5,-7,-7,-22
-4,-4,-67,-14,13,19,-4,-21
9,-29,3,-18,-20,-8,-8,36
8,4,4,17,-16,-43,-8,18
14,46,7,1,15,8,-7,-14
-29,-24,-39,-28,13,-6,-8,-11
-21,-25,15,-7,-35,-5,-7,-80
18,43,43,23,24,1,12,89
-14,-1,-42,-10,-37,5,8,12
51,23,6,33,13,10,6,27
-13,-43,-22,-12,-11,-13,-9,-19
-1,11,-47,6,40,0,-2,-5
-27,-16,-4,-22,-15,-3,-18,-21
0,29,51,3,-24,-4,5,-3
5,-14,-30,-12,-11,-9,0,3
-9,44,24,10,20,7,1,-8
27,-12,16,37,51,21,11,3
8,-52,-50,-22,-5,-7,-4,31
-25,-22,-37,-12,-20,5,-9,-25
-17,-2,8,23,23,0,-4,-11
17,9,-45,-35,21,-11,2,-9
28,19,69,47,12,29,18,27
-22,-12,-19,-3,32,-1,-34,-9
-42,-128,-54,-45,-2,-28,-3,-84
53,110,48,-2,-86,-6,42,39
7,65,-15,26,15,-3,-16,58
-3,19,44,-5,2,10,-20,15
-3,21,-61,-28,-18,3,-27,-24
-5,-18,55,19,64,-16,13,-6
-7,-13,-9,11,36,4,4,-4
8,-25,-18,-7,-8,10,4,6
7,-5,-24,-23,-12,-7,-6,-11
-15,-2,-19,-35,-30,-8,-5,-9
12,18,32,75,102,33,15,-39
-1,-53,-33,3,-19,14,17,86
17,17,-4,-14,3,-32,-3,17
6,-13,-26,-16,-37,-19,-6,-3
-14,-3,-6,3,-3,1,-2,2
-11,11,33,8,25,32,14,-23
-22,-83,8,2,6,-23,-22,-17
-14,8,1,-32,-50,-5,1,-6
23,41,-37,-41,-38,-9,2,12
-7,-45,27,51,36,16,2,3
-22,-8,-8,-17,-99,1,-11,-18
2,-57,-17,21,33,-7,-2,-10
12,30,11,1,36,-5,-10,-6
-6,18,-29,-48,-40,-11,2,7
-15,-15,-28,32,-13,-13,-5,-11
-20,-34,42,-3,12,-16,-19,-36
7,54,-9,-15,-29,-7,9,9
20,15,-4,-2,10,2,11,33
-32,-32,23,-3,7,23,-11,-12
-25,-38,-18,-30,-59,-41,-15,-26
48,35,-28,23,19,10,18,29
6,30,3,-11,-8,-5,6,12
-10,-12,55,-19,17,-7,-6,-29
2,66,0,3,-59,-4,4,10
21,-20,4,25,-19,3,7,11
9,9,-21,-28,-30,-7,-9,-4
-9,-9,-31,-12,21,8,-6,-15
-3,9,-3,13,18,5,-1,12
-18,-27,-2,-4,44,10,8,0
-13,-13,-3,17,0,-20,-4,4
-11,-29,-5,-2,27,-10,-11,-20
2,46,11,5,17,-3,-3,15
14,49,32,-12,-3,0,-3,-36
8,-45,-61,-43,-84,-13,-1,37
-22,-40,3,-17,-58,-8,-4,-23
0,-18,9,31,27,-2,4,-8
-8,-20,-4,-2,26,5,9,10
-18,39,24,-8,-26,3,-1,11
-30,-22,-8,-8,29,-13,-4,-8
15,-21,27,8,-21,1,-9,-4
11,57,-36,-5,-17,-24,-8,-10
-28,-6,59,5,-41,1,-9,-19
-25,-4,-47,-3,1,-20,-25,-108
40,13,14,-1,7,3,11,93
-3,-2,8,13,33,19,17,10
-23,-16,-5,-47,-25,1,-8,-19
-22,5,4,6,-15,-11,-19,-2
13,-30,-3,7,20,2,7,-31
17,30,-8,2,4,1,18,25
6,4,-19,-16,-20,-1,-1,5
1,-13,-48,-9,56,13,-17,-4
-15,26,-10,1,-85,-14,8,-8
-8,-18,93,33,30,-10,5,-2
1,-20,6,10,2,-1,-8,-8
8,-4,-38,-17,15,-1,-3,-16
-4,4,-85,-33,-37,-22,-8,-2
-7,37,44,27,-23,-13,-10,-2
-17,-57,16,-13,7,12,2,-5
-12,18,-8,2,48,13,8,-8
7,18,10,-13,0,5,-2,-16
-3,-19,-43,27,20,-20,-11,6
-41,-42,-39,-10,5,-10,-8,-22
53,2,71,32,-68,21,17,-21
16,5,-72,-38,12,-13,-3,46
-11,15,6,-8,-47,-17,-11,-3
-13,2,5,5,10,-5,-10,-13
0,-1,-3,-5,-14,2,3,-14
1,5,5,2,10,1,3,-1
-5,-7,-24,-4,7,3,-1,9
-42,-18,0,33,54,14,-2,-23
19,76,27,-41,21,-31,3,28
34,5,14,-6,-108,-39,-16,-54
29,-66,-25,30,43,19,15,74
-6,19,-51,-2,-11,-2,-6,8
-13,21,27,-10,12,8,-6,-9
-10,3,-19,-8,26,-13,-4,-12
-18,-14,-5,-15,-27,-23,-14,-15
-11,-64,-49,-9,-4,6,3,-1
-16,37,51,7,-28,-3,-14,-13
7,20,16,12,41,-9,3,-15
13,6,9,-14,-3,-9,-2,-9
23,-11,-38,-12,-25,4,11,55
-6,-31,6,-15,11,5,0,16
-11,19,3,13,-15,12,-18,-20
-4,-1,-5,-10,8,-13,-7,-17
-42,-64,-15,-25,9,-14,-14,-18
-44,27,-35,-27,-128,-17,-13,-19
127,115,76,96,84,7,-4,3
10,-25,-115,-22,-34,-11,-8,24
-7,-28,-72,-14,-6,7,5,9
-8,1,82,7,7,7,3,-9
-17,9,55,-39,-37,-24,-10,-14
-5,-12,-16,10,52,22,2,3
-8,-5,-17,-4,48,-33,-2,-4
-10,-9,-13,-14,-82,-3,-3,3
-19,-41,-55,10,27,0,-9,-11
-3,6,2,-18,-24,-11,7,-16
21,58,-9,-7,-20,-6,-3,11
8,9,-16,-2,17,7,1,18
-7,-3,-5,-3,-2,-6,-7,-12
-10,-15,-40,-6,34,6,-6,-6
-33,-30,34,-33,-75,-10,-9,-21
4,26,84,45,31,19,9,-38
17,-9,-49,13,24,1,11,68
17,30,-18,-34,-17,-8,-5,15
4,-28,-14,6,-22,3,-3,-4
-8,-15,-57,-24,-8,-11,-9,-8
17,55,-37,-18,-20,-3,1,0
-26,-20,60,-1,3,-2,4,-14
-22,21,-4,18,55,32,-8,5
7,-20,23,18,-54,-8,-19,-20
15,74,-21,42,63,23,5,-6
-6,2,-36,-26,-28,-41,-8,-11
4,-1,-6,-13,-13,-5,1,11
-5,-1,5,-9,-8,-5,1,0
-8,-4,1,-8,-3,-7,-5,-11
2,-3,-9,-17,-5,4,-1,9
-46,-49,-1,-16,-27,-6,-21,-39
-2,7,70,3,14,0,12,-13
46,40,-36,-16,-30,-15,-2,12
4,-22,-10,29,-37,-2,-10,27
-6,1,-11,-4,9,7,-2,-11
-11,-8,11,-20,13,-20,-10,2
-18,-16,-4,-46,-54,2,4,-11
-5,-4,-20,60,40,27,5,-6
-58,1,-57,-26,3,-26,-37,-35
-42,-47,121,2,6,-8,27,-6
89,51,0,31,37,2,-4,-11
14,-4,-67,-47,-29,-17,-13,63
-8,2,14,1,-10,1,-4,-2
-14,-10,-19,-3,-12,-10,-7,-15
-16,-11,-8,-33,104,2,-13,-17
-22,-54,1,-28,-76,3,7,-5
22,54,70,126,85,31,14,-6
8,54,-36,-18,-13,0,-7,3
-5,-9,0,-13,-7,-8,1,16
5,-3,-16,-14,1,-4,-1,17
-2,3,-7,-4,0,3,2,-9
-7,19,15,-25,10,-19,-7,0
-5,-65,4,-23,1,-5,0,-3
2,10,-40,17,-7,-1,0,-3
-17,-10,-34,8,30,-9,-4,-17
27,39,37,0,1,-17,-6,-7
-9,25,-2,-16,-6,9,1,8
5,-35,-21,-12,-2,-4,7,-5
0,0,-3,7,8,8,-5,-5
-17,6,-7,3,20,1,-8,-4
-34,-43,29,-20,-39,-9,-5,-6
24,22,-17,7,8,29,10,-1
-3,32,18,19,66,-17,3,-21
-4,2,-12,-4,-19,-6,-5,-11
5,-25,39,4,-12,-9,-11,3
11,-25,-51,-25,-28,-13,5,23
1,32,20,24,68,6,-4,-27
-15,27,-7,0,-49,0,-8,-24
-1,-5,-29,-23,74,1,4,15
-1,-3,56,7,-54,-11,7,12
22,-117,-34,9,-21,12,14,10
-3,70,-32,-2,-6,-8,-15,-2
-14,8,-18,-29,-37,-11,-12,-14
-8,-10,-8,36,40,9,-3,-11
-5,2,9,1,32,9,11,-6
-5,-3,-43,-51,-22,-16,-8,-1
-22,-17,107,61,42,19,-8,-7
-2,-44,42,-9,-128,-17,-1,3
30,63,97,66,72,20,5,3
7,16,-41,-30,-4,-6,0,0
-9,10,-17,-35,-28,-18,-14,-13
-14,-9,-16,-12,3,-10,-8,-7
0,-9,-17,6,-6,1,-2,1
-20,-11,14,-6,14,-8,-8,-19
2,1,8,-7,2,-8,19,19
22,8,87,15,-27,7,-5,-1
-35,-8,-9,23,46,29,2,-16
47,33,10,1,8,-13,13,51
-17,-48,-31,10,42,1,-4,-11
-11,19,-31,-7,-14,-45,-4,-12
-2,6,-11,-13,4,-2,-4,7
-14,-26,4,-31,-28,-11,-4,-19
-26,-19,-26,38,51,16,-12,-11
-12,14,69,15,-12,-1,0,-42
84,111,104,27,37,24,18,80
-13,-72,-79,-7,27,11,-8,-10
-16,1,-17,-13,-15,-15,-11,-17
-12,0,9,-7,8,-18,-10,-17
-13,-35,-11,-20,-33,1,2,1
-21,-15,20,-6,-32,-20,-14,-25
-8,43,57,-3,51,-6,11,-20
24,30,-9,28,36,1,14,36
-24,-35,-28,-15,9,9,-13,-23
5,28,14,-11,2,-9,-2,1
36,-1,17,19,-23,10,6,21
0,-12,-21,-18,-12,1,-2,4
-10,13,-5,-36,-34,-17,-9,-9
-33,-57,-22,-1,23,-7,-4,-20
-19,-2,11,21,-28,9,11,-18
44,53,26,-1,-20,-3,-1,13
-8,-11,-30,10,-4,25,-21,-18
-16,-33,-24,-12,10,-17,-2,8
5,7,-48,-28,-6,2,14,13
-11,-16,20,-12,13,-3,-10,-9
1,19,7,7,3,0,-7,-5
-31,-41,-32,-17,57,-1,9,-10
-22,2,1,-12,-120,-6,1,0
79,23,57,18,27,3,-1,-21
7,-24,-77,24,35,10,-1,50
-13,-12,-24,-30,-13,-10,-10,-8
-8,3,15,19,42,10,3,-5
-7,-11,-7,-4,8,2,-6,-8
0,-4,5,-26,-47,-14,-6,-4
-11,-28,-16,-10,44,0,-1,-14
14,75,18,4,-15,-5,7,12
-2,44,25,17,8,9,-14,-17
-4,-29,-9,0,0,-9,-8,-1
-2,-26,-92,-12,5,-15,-4,5
-4,1,63,-12,-19,-5,-4,5
-15,11,-17,-2,0,-1,-4,-11
-7,-7,3,-1,-8,-24,-6,-16
-42,-54,-15,-12,82,-3,-5,-9
16,-60,-13,10,-52,-12,11,0
63,127,-18,86,122,27,-11,15
-16,63,39,-22,-4,0,-22,-3
-12,-16,-7,-10,5,-15,-8,-31
-1,19,6,-4,7,2,11,43
-5,-37,-30,-7,8,1,3,-5
-20,-32,16,-23,-39,-12,-3,-16
15,30,-24,28,31,8,3,4
-10,-27,28,-1,11,17,-6,0
-19,10,-9,-18,-38,-33,3,-20
7,-17,14,27,-4,21,0,0
-21,-29,-39,-28,-23,-24,-22,-22
6,11,14,8,21,2,-2,-2
-7,-1,19,7,9,7,-4,-4
-7,39,-22,-15,49,-9,8,21
5,-42,41,-33,-128,-5,-18,-11
9,10,-8,79,52,16,25,-9
8,17,-17,-15,-6,-10,0,0
12,16,29,-22,-27,-16,-5,44
-9,2,-19,11,-16,-18,-14,3
-38,-48,-25,-19,22,17,-2,-46
10,-2,-5,-8,-16,-11,-6,-7
11,46,-21,-21,-10,4,0,20
-10,-15,-15,6,0,-10,3,-8
11,-69,-11,-23,-1,-1,-8,-4
-9,51,27,74,118,42,29,15
-2,-8,-22,-8,-16,-1,-3,-1
-16,-26,-28,-18,-20,-7,-8,-6
7,-2,1,-8,-15,-6,-9,3
-10,-4,4,-9,-8,14,-6,0
-8,-11,-20,-4,10,-12,6,5
-12,6,25,-36,9,-32,-17,-28
-31,-80,2,-12,-128,-28,7,-4
45,19,19,44,69,23,27,41
25,61,-8,10,5,-10,-5,-9
10,-5,-25,-30,-4,-4,-5,13
2,-15,-5,-11,20,15,-2,6
6,-14,-7,12,-19,-15,-10,1
-10,15,35,-8,-33,6,3,-4
3,8,-54,11,80,7,10,-4
-23,-37,-34,-8,57,-6,4,12
-5,78,96,28,14,10,-6,-5
20,11,4,-14,-34,-9,-8,5
-13,-87,-57,20,63,-3,-6,11
-18,-29,-74,-29,-16,4,1,-8
-4,8,31,9,20,-9,-1,0
-8,42,-5,-30,-59,3,2,-8
-7,-58,-32,-14,4,-11,-2,0
0,-2,14,-1,-23,7,-2,-6
-36,-20,-49,10,-19,5,20,-12
10,55,127,12,-42,-8,-3,8
29,56,38,-2,-12,-4,-11,-7
-4,-12,-51,-27,32,-7,-7,1
-9,11,12,4,-39,-11,-2,-4
-9,-57,-54,-18,2,2,-10,-10
-8,-50,-28,18,60,-23,19,-2
-1,19,18,-11,-10,6,-1,-2
12,68,0,-12,-4,-14,-16,7
-25,-23,-25,-5,-22,4,4,-49
23,5,3,18,11,7,17,23
1,2,23,6,17,14,-2,23
-2,-21,-3,-10,-2,-16,1,-8
7,-13,-5,10,44,3,-10,-11
-14,-19,6,-9,-55,-10,-20,8
-5,16,-16,-6,17,-16,-6,-4
-28,-27,34,28,22,10,11,-1
-20,-11,21,56,66,50,16,-16
66,85,9,-28,9,-24,-10,11
12,-53,-27,-12,14,0,6,29
-25,-16,-61,-8,10,-21,-13,-9
-4,-2,36,-7,-40,11,-3,0
22,10,30,39,70,7,6,-6
-12,-4,-55,-31,-21,-12,-4,19
-7,11,26,14,-1,-8,-6,0
-44,-21,-6,-5,9,-3,-5,-27
0,-34,-21,-25,2,21,15,15
50,126,25,11,-36,-19,5,21
-1,-2,-34,19,21,5,7,10
-12,-39,11,-7,-1,-3,1,-1
-28,-11,-5,6,6,9,-7,7
-19,-29,-32,-25,54,-40,-14,-36
35,19,2,10,-55,7,5,9
-4,5,-21,-14,-26,-8,-18,-5
-26,0,48,-10,-13,-7,-14,-20
-5,21,4,22,18,10,-2,-3
-5,8,-67,-16,-3,0,9,15
17,-3,3,-3,-41,-11,9,25
-7,10,16,-11,-2,-2,2,-6
-19,-22,-7,-18,-89,5,-2,-12
-11,-16,-3,-8,45,0,9,29
22,78,41,46,-10,16,-1,-19
0,3,-28,-11,10,3,-11,-10
16,-27,-7,11,39,-12,-9,0
3,19,-36,8,7,7,2,13
19,68,15,-1,3,27,8,15
-2,-45,-37,-24,-106,-60,-5,-17
-14,-25,74,-10,1,0,-3,10
-21,-10,6,-4,-6,-4,-1,-5
14,-15,24,-3,18,6,0,-6
34,66,3,24,14,3,19,34
-4,19,10,6,43,25,8,7
6,40,-21,-26,-73,-4,0,15
-29,-35,-42,-5,26,-1,-17,-30
33,48,25,56,116,31,31,23
-16,-44,44,-2,9,-17,-10,-12
16,14,-12,22,42,-12,-6,0
2,-1,-19,-9,-30,-8,-8,6
-7,0,32,-3,-17,-4,3,3
-14,-15,4,-17,-9,-13,-5,-18
-13,-41,-28,-16,-39,16,40,24
-11,44,48,-1,17,2,11,3
11,-30,-11,-18,4,-6,-8,-49
53,62,-30,26,68,22,2,77
-1,19,13,-15,-44,-2,-4,-1
-32,-25,-36,-12,-24,-30,-25,-27
21,-54,12,-4,-22,0,0,7
4,24,-18,10,37,12,-1,9
-18,11,-4,-6,-6,-20,-6,-24
-1,3,-11,13,-13,15,6,13
-5,10,12,4,12,18,7,2
-24,-32,-23,-28,7,-22,1,-22
8,-15,-7,-20,-128,-23,6,4
-12,54,36,3,15,-41,-30,-17
18,-35,-54,-60,-90,-10,9,1
25,12,82,89,18,40,19,18
3,-43,-47,4,31,23,-9,10
-14,0,40,-15,10,-46,17,6
-17,12,-22,-27,9,-12,-8,-22
5,17,121,25,-3,-4,-15,-7
2,-3,-55,-26,-32,-19,-8,-9
-5,15,16,6,-3,8,-1,-11
6,1,-28,23,58,10,-2,19
-7,-6,56,-23,-55,5,22,-10
7,7,-16,24,3,20,-7,6
-18,-29,-26,-10,-3,-27,-8,0
-4,9,5,-6,-5,-5,-9,-2
-13,-55,-36,-23,14,-10,-9,-9
11,-24,1,10,-36,-4,-4,-3
2,49,32,29,68,-3,-8,-13
5,56,92,-24,-18,20,1,19
-50,1,7,-4,1,-48,-47,-67
32,-44,-6,20,27,18,25,54
21,12,-11,-8,-12,-24,-6,-31
48,79,-27,-11,-13,-7,8,82
-12,-51,12,6,-3,9,-25,-17
-30,33,-13,-12,1,-16,3,-12
-10,-33,-3,15,24,15,6,-25
-10,-49,-14,36,-8,14,1,17
7,45,-12,-14,-4,-8,-19,-17
-22,-40,-22,-58,-23,-18,-6,-14
-19,-12,64,25,8,13,2,-13
17,35,-14,24,-16,-9,-11,-6
8,-57,-39,-38,10,-17,-18,-9
1,-5,-73,-57,-114,-19,13,19
1,-4,26,59,74,-3,-13,-16
-10,-20,55,-19,0,-7,0,3
-8,-1,4,-14,-7,-6,-6,-5
11,-19,-43,-16,16,10,8,23
7,21,26,32,-62,0,7,-5
16,83,10,0,-3,-20,-6,19
-14,-21,-38,-28,-23,-12,-10,-10
-11,-18,-29,-11,29,5,-10,-9
-8,-20,5,-18,-20,-16,0,2
12,15,-5,-2,22,17,16,6
-7,-110,-33,14,23,-3,0,5
-11,9,-1,-4,-5,-7,5,-8
29,28,-15,7,11,-14,-14,5
-7,-28,-7,-8,-14,-8,-4,-12
-6,-3,0,9,-5,41,10,5
-25,0,58,1,26,45,-1,2
-12,-24,-7,-21,-33,-36,4,-8
34,22,46,-1,22,3,-10,-8
14,-7,-39,-6,-22,1,1,49
-19,-5,25,11,-16,-8,-20,-54
-15,-10,-20,3,-35,12,-12,-39
14,-2,-12,-9,22,-5,33,57
-10,-50,-8,-16,-74,-16,-4,13
-1,-9,18,19,-9,0,1,-8
13,72,0,-2,-11,46,-12,-7
-37,53,-15,-33,-25,-37,-10,-4
18,-32,10,-4,-5,-6,-7,4
5,-40,-46,-28,2,-15,8,-2
8,11,17,20,21,4,-4,2
-2,-5,-38,4,25,22,6,8
-11,-12,35,-51,-91,-28,-1,-19
-19,-8,1,50,65,-5,-17,-13
-15,5,-44,9,-67,-7,-3,2
-3,-66,24,0,37,11,-3,2
23,63,-28,-34,-53,-11,1,22
-14,26,6,-2,-11,-2,5,-29
-7,1,-11,15,-15,1,4,-17
-6,-19,-31,-27,-14,1,-2,17
-36,-83,-53,-53,3,-22,-12,-13
57,66,72,48,1,45,11,11
3,72,15,-23,-2,-8,3,2
-47,-66,-24,31,46,6,-18,-14
2,-36,-13,4,5,1,-1,-38
24,35,-33,-17,-4,-7,0,15
6,18,6,-22,-14,-3,-12,4
-21,-41,18,30,56,5,-14,-14
-6,11,45,-13,-66,1,20,10
85,126,-5,25,73,5,8,20
-31,-36,5,-7,-27,-4,-20,-30
-11,-39,7,-20,-16,-10,-4,-6
-23,-44,-28,9,-4,1,-4,-1
0,11,-42,-14,-7,-9,-10,-5
9,48,74,-6,1,3,-11,-11
-17,-72,-24,-14,-11,-8,-2,8
-6,8,-11,0,-85,-7,17,10
-33,-25,-41,-6,-11,32,-10,-33
36,14,36,-28,45,-9,7,20
-9,-5,-2,63,7,-31,-8,15
8,-20,0,-26,0,91,10,32
-11,-11,-25,13,-16,-61,-5,0
-4,16,11,-5,-19,-12,-12,-12
1,-24,4,-35,20,-9,0,6
12,22,-30,12,8,-6,-9,-2
6,59,93,14,-45,4,-7,-28
-10,-14,5,1,23,7,7,2
7,-20,-7,-12,-10,-18,7,9
-4,19,-9,8,45,13,-2,-1
-20,-19,-19,20,76,-2,-22,-16
-27,-63,-67,-64,-92,-21,-8,-11
38,51,45,30,8,0,3,-26
13,62,8,0,15,8,0,11
-13,-53,22,-15,-9,-16,2,11
-9,-41,-115,-24,6,-11,-14,-12
-10,-13,34,45,10,30,2,-6
-4,-2,19,62,56,-14,11,1
-26,-52,-24,-57,7,-13,-14,-7
-28,3,-16,-29,-54,-16,-12,-15
49,44,9,-8,-6,32,3,-2
-6,-15,-17,-24,-30,-33,-10,-6
-16,9,-16,-26,-42,11,0,-7
11,-14,-7,2,19,-9,8,6
-7,-7,-35,-21,-21,-7,0,1
-29,-14,12,1,-30,11,-14,-42
5,26,-21,9,1,3,3,11
15,-9,4,-22,-20,-15,-20,-4
8,-14,-52,1,73,14,11,15
-26,-20,-13,-41,-63,-20,-13,-23
-20,-26,76,56,56,15,-2,-8
38,90,51,2,5,-3,5,1
-12,-47,-65,-26,-38,4,-2,-5
-4,-17,-5,12,40,-13,-2,-5
-7,-6,18,-4,-14,26,-2,10
-24,-24,-28,-51,-17,-40,-10,-18
-25,36,18,36,107,6,-3,-14
-26,-63,31,13,22,-6,-8,-8
43,51,-10,-33,-57,-13,-19,-26
7,48,-22,43,120,34,3,12
-20,41,62,-27,-15,-4,-13,-40
11,14,-20,17,9,12,25,19
6,11,5,23,17,34,21,20
-28,-55,-68,23,30,-17,-12,-15
3,2,59,-12,21,-6,-8,-5
-5,0,-23,-21,-7,-6,-7,-6
-20,31,14,-47,-62,33,-18,-17
-23,-29,-1,33,91,-42,3,-41
41,-11,13,-16,-63,3,24,74
4,58,18,18,-8,2,-13,1
-1,42,-18,-13,7,1,-10,-17
-7,-4,20,-6,8,-5,-4,-10
-6,-30,17,-7,14,13,3,3
-17,-26,-56,-7,-28,-6,-7,-17
9,3,-34,-4,23,2,1,9
-21,-60,24,-4,15,3,-8,13
71,90,100,-2,-95,-25,-12,-6
24,5,-14,46,127,39,23,42
-7,-6,62,-1,-14,0,-11,-17
-19,-17,-10,-16,2,-5,-13,-20
-17,-29,-67,-32,32,-16,-8,-8
16,20,2,-2,-128,25,20,11
7,20,52,31,50,3,-4,-5
-20,-23,-47,-19,22,-24,-28,-24
5,-1,30,-69,-54,-14,19,12
-7,-26,-36,72,19,-5,-1,-7
-13,-9,19,11,3,3,-14,-12
4,2,-12,-10,9,-2,3,-7
-5,1,-4,-17,-27,-2,4,33
2,88,18,-1,-2,10,6,-3
-8,-51,42,-6,-23,-4,-1,-9
-17,-73,-45,-7,-15,-8,3,-15
32,62,-54,6,20,-15,-5,-19
-3,26,40,19,-4,-6,-5,19
14,-4,13,-5,-10,-1,1,17
-1,16,2,-13,-31,11,-2,-2
-7,43,-12,-8,-16,-13,-5,-5
-9,-26,15,6,-20,-2,7,3
-14,-14,-20,-7,6,4,-7,-27
-23,28,-17,-24,7,-18,-18,-30
-56,-91,-26,-38,-60,-30,0,-30
-8,-9,57,123,127,29,12,20
35,127,5,-26,1,1,-20,-17
10,-75,-53,-24,-45,-24,-23,-28
-9,-7,-70,-74,-18,-19,3,16
-14,22,114,22,-29,6,10,-8
-17,-36,26,-5,-2,30,-2,-15
13,20,-57,-1,1,-32,9,5
14,20,71,-4,-8,-14,2,47
-22,-55,-52,1,38,5,5,-5
1,26,26,-8,-7,33,26,11
-13,-5,-17,-1,-25,-8,-12,-15
-8,17,-28,-4,59,2,-17,-33
5,7,-4,15,24,-8,-3,4
1,16,44,58,-19,24,7,3
-20,-106,-16,2,12,5,-7,-5
-12,-9,-68,-37,-6,-4,-5,-8
17,58,52,-9,-1,-24,-3,7
-15,30,-73,-23,-9,-7,-19,-30
-33,81,48,-19,-64,-7,-6,-26
49,-87,-3,24,32,10,21,49
17,3,10,-18,-6,5,-9,-29
13,-10,-13,-2,-12,-4,11,51
-5,18,-12,-10,-33,7,-5,-5
3,9,58,30,51,-13,-1,-16
-1,-15,-13,-4,3,4,11,20
-9,-25,-32,-18,-17,35,19,-11
2,14,13,21,52,-10,-21,-4
-10,36,14,3,-46,-31,-5,0
-8,-30,-10,11,39,-4,-1,-12
-1,-22,-37,3,-31,-7,2,2
-29,-43,-26,24,66,2,-17,-7
-31,-8,38,-34,-41,-9,-15,-62
24,44,2,24,19,7,8,24
9,-7,-44,-20,43,-20,-7,18
-7,31,108,50,-10,30,5,-7
4,2,0,29,28,14,-1,-9
-20,-66,-56,7,21,-42,-24,-6
-10,-24,-9,-51,-6,11,10,-6
-8,33,39,-60,-117,-24,-1,-8
11,-39,33,36,42,19,14,28
20,101,1,18,2,15,1,4
7,20,-15,-22,-15,-20,-16,28
-17,-49,-11,1,-25,-11,-8,-30
-8,-18,-42,-13,29,7,-3,1
-55,-78,-15,-36,-26,-12,-19,-36
41,6,-21,-21,-28,7,14,11
37,99,62,34,27,-9,3,23
6,-11,-21,18,51,13,4,11
-3,10,30,-18,-44,-16,-25,-24
-22,-52,-39,16,-2,-29,-1,-16
-9,2,9,-7,-1,3,0,0
-9,7,6,-13,-9,51,-15,-2
-31,14,-22,-8,-9,-35,-20,-24
-16,53,35,-9,65,-5,-5,-26
70,-128,46,10,-128,12,41,36
33,21,-64,5,7,7,8,50
11,62,-33,-12,19,10,-10,4
-5,20,27,-9,-10,-23,-21,-16
-20,-8,-27,-28,15,25,14,-15
-3,11,14,66,12,27,7,-15
-7,-40,13,-2,2,17,-3,-4
-37,-50,-48,-27,-3,-22,-22,-21
25,-82,-44,-47,-45,-30,10,8
-21,96,77,29,-13,-19,-19,-18
-4,17,-23,16,-10,-3,2,9
-11,-22,-38,-65,10,2,-6,-8
-16,-16,-20,-35,0,-3,-10,-7
-32,-56,-33,-22,-37,-1,1,-10
19,32,52,34,37,13,14,20
30,32,-32,19,-31,-11,-5,-5
-21,-43,-12,6,57,7,-5,-11
-8,-10,-12,-7,-2,-4,-5,-5
-13,-10,-17,-1,10,20,2,-4
-5,14,27,-8,-47,-33,-7,-12
-21,-16,-35,-16,4,1,7,-1
26,22,23,-6,-15,-16,4,24
0,12,-42,6,-2,15,-1,4
-27,8,5,-17,-70,-24,-12,-51
10,-73,-21,5,10,0,-7,0
25,-10,-14,-8,-9,-8,12,44
-7,21,-29,-14,-8,-4,-4,2
-26,-30,26,-6,-1,-1,14,-6
-27,-58,12,-10,44,-4,-13,-50
65,35,38,1,-112,0,23,50
-4,18,-39,12,19,14,11,11
11,72,19,-2,-11,-17,-6,-8
-11,-26,5,8,60,8,-6,-8
-23,6,-12,-2,8,-14,-10,0
-15,-11,5,-33,-79,-25,-9,-16
-12,-13,22,87,84,31,11,0
16,43,22,-38,39,7,1,0
-5,-52,-38,16,7,-5,-6,-6
-4,-86,-17,7,-11,-4,-4,1
-25,-20,-37,-48,-37,-15,-18,-24
11,17,-10,4,-47,-23,3,9
-27,-12,23,42,32,5,-2,-5
43,10,-7,31,21,6,3,12
-3,-1,36,-51,-19,-8,3,3
-4,11,-65,-21,-1,-21,-7,-6
-10,-6,90,-5,-5,-21,-12,-17
1,3,-4,-42,-127,-29,-14,1
-5,17,-18,19,106,42,16,-19
-11,8,47,24,-16,5,-2,-7
3,-3,-18,-13,-20,5,-3,8
-15,-13,18,8,4,-32,-23,-5
-4,11,1,2,6,-14,5,4
6,8,-9,-8,-10,1,-3,1
-17,-15,-4,-5,6,-9,-12,-21
2,13,-16,-10,-37,2,-1,-18
2,6,1,-1,17,14,13,19
-7,2,-31,-29,-40,-14,-2,-7
5,23,32,29,18,-9,-11,5
-11,-4,-2,6,-14,-12,-6,-3
2,-22,0,-33,-17,-17,2,-17
-18,-4,-49,34,62,29,18,-26
12,-2,77,26,17,7,7,44
-17,33,-30,7,-4,3,-11,-4
-23,64,16,5,5,1,-2,-13
9,-69,-55,-23,-17,-7,-4,16
87,41,68,6,55,6,21,27
-12,-1,-58,-27,-95,-19,-11,-17
-15,-13,0,-29,-4,-4,-7,0
-11,54,21,43,19,22,2,-13
35,-40,18,16,11,-1,8,9
-4,-20,-33,-22,-14,-27,-13,-8
-9,-15,-38,-38,-85,-14,-5,-1
-10,1,-8,17,50,23,15,4
3,-16,42,-4,4,-7,-18,-8
10,-10,-1,-11,-4,-14,-14,-1
-8,-3,-13,-3,-14,-16,-1,6
-8,-13,-7,11,48,32,0,-7
-16,25,32,19,53,-17,1,-6
1,18,-35,-25,9,-33,-18,-10
7,5,19,-28,-56,-26,-6,0
-30,-15,-11,37,104,14,-15,-37
34,-14,21,0,30,-2,16,10
17,35,-63,-33,-79,1,9,49
14,15,34,31,95,25,0,17
-37,-16,-21,-12,-33,-22,-10,-8
9,-36,-15,15,23,5,9,-14
-4,-67,-1,-13,-33,-16,6,-5
-14,-1,-59,-24,-10,-18,-18,-8
-12,28,31,1,-17,-4,-10,-21
-26,-21,-19,-19,-8,-5,10,-15
-10,2,-47,1,31,21,3,12
13,-2,26,-9,-60,-7,5,5
-8,-58,10,76,7,6,9,8
1,33,7,-19,8,-10,-8,-24
0,5,-24,-31,-69,1,7,-5
-13,36,-2,-21,-27,-6,-3,4
18,14,-14,16,24,12,16,9
-10,-10,-13,-1,-5,-21,-18,-14
-33,-76,-27,-12,-7,3,2,0
34,53,-4,24,6,-34,-1,9
35,66,54,-5,-6,8,9,15
8,18,18,-8,3,-10,-22,-13
-11,-15,-32,2,33,5,-8,-12
-15,127,-3,-41,-49,-15,-15,-14
7,-118,49,52,127,24,16,17
21,0,-63,57,-3,2,-5,-27
1,12,-10,-3,1,0,5,4
9,39,-21,-31,-51,-17,-7,17
-4,19,19,31,44,25,-5,-8
-1,-1,2,-23,20,-4,1,-1
-5,8,25,-8,-66,-13,-6,0
-4,2,-3,-7,-3,5,9,7
-62,-50,-1,-10,-22,-15,-37,-63
51,70,-7,51,96,37,22,-11
44,-11,3,-7,16,42,17,54
-7,-36,-51,-27,-5,-19,6,46
-15,-27,-1,27,11,4,2,-5
-13,-18,-13,-9,34,0,-7,-12
9,8,11,14,-22,8,11,-3
-15,-1,-46,1,11,-10,-20,-22
10,4,10,-22,-26,-8,-2,-4
-19,-37,29,1,-3,1,-6,1
-11,23,-2,-51,-15,7,4,-6
2,-36,-5,60,85,18,7,5
-2,15,-19,-23,-10,-4,-8,-2
-4,20,-11,-12,-20,8,-6,-7
-23,-24,-55,5,36,-13,8,-5
20,-36,48,-5,-63,6,11,26
-32,-45,-15,7,14,-6,-20,-10
15,96,27,19,4,-7,17,13
40,-7,11,-38,-20,-12,-12,2
-48,-41,7,-16,-72,-6,-5,-34
24,-8,-12,30,27,28,13,-27
20,-21,-47,-5,1,-9,9,83
-8,-7,36,-14,-10,-3,-1,-8
-11,6,-13,-15,1,12,3,-12
-6,4,15,-3,12,11,-2,-11
-20,-25,30,-14,28,-8,5,3
-20,-24,-6,-19,-109,16,-13,-24
30,45,20,26,46,-7,8,13
0,24,-23,8,37,-7,-27,-22
-8,-1,6,9,17,-11,-14,-12
6,-4,7,-40,-63,-1,12,44
-6,-4,19,7,-27,4,0,-8
8,-20,-23,-10,-5,3,8,9
-9,-22,-7,-44,-20,-17,-10,-10
-13,-20,-18,14,52,30,5,-3
-7,4,-25,57,43,12,8,3
-1,39,-11,-1,-1,-8,-3,-10
-18,-22,-22,-19,-14,2,-4,0
-6,-59,-45,-40,-14,-25,-7,-13
23,18,1,-39,-50,-18,-9,7
-8,4,17,56,-7,10,2,-1
-1,33,45,-12,-14,28,9,8
-12,-63,-52,-32,-9,-35,-8,-10
-19,-9,-38,-18,-6,6,-4,-7
-14,57,71,40,32,-11,-3,-10
31,-22,-5,-27,14,5,16,3
-15,-35,-55,-11,-36,-25,-15,13
23,-11,-4,24,-7,31,5,6
1,10,-7,-14,52,-20,-3,-6
0,38,15,-2,-11,-6,-1,6
-14,-41,-77,-24,-5,3,-14,-37
21,6,14,25,13,7,3,12
8,23,1,38,64,11,15,51
-7,-3,18,8,10,9,2,0
-2,-51,-15,-13,-24,-10,3,-13
1,0,-25,-9,19,3,-5,15
-5,0,23,0,8,0,4,-7
-4,-8,1,8,6,3,-6,-7
8,12,9,-5,-43,-4,-5,-2
-28,-8,-2,8,29,-1,-13,-22
-3,-27,-46,-57,-74,24,-9,-25
7,13,13,63,127,-31,-3,11
1,8,-18,-16,-90,0,-5,12
-6,-11,33,32,51,7,-6,-6
4,9,8,3,-15,-8,1,6
-7,14,-2,-28,5,4,-4,-6
-10,-10,1,-10,-10,-11,-2,-7
1,-7,0,-10,40,9,1,-6
-55,-30,-75,-40,47,-3,-26,-17
6,-8,46,38,23,-4,27,14
60,124,56,79,52,29,18,-15
19,9,-3,5,0,12,-6,10
6,-24,-48,-26,5,-2,-11,31
-6,-25,-20,-12,-6,-25,-6,23
-20,-19,-23,-8,-6,-3,2,-5
7,5,-21,0,-3,3,4,-2
-9,-3,53,4,10,3,-10,-16
-3,16,12,3,-19,96,7,20
50,23,1,-13,26,-39,31,68
-12,-16,2,66,81,8,2,-40
24,49,-33,-21,-56,-10,-6,2
13,-1,11,-16,-39,-5,-8,18
4,10,-11,-1,19,3,0,0
-5,-1,10,2,-2,2,2,-4
-12,-4,2,8,15,5,-7,-8
-9,-16,16,-9,-37,-12,-5,-3
-17,18,-8,-2,-1,14,12,-7
11,-34,1,-4,5,-16,-2,3
1,-26,-23,-40,-60,-31,-16,-13
-2,34,3,65,46,6,-4,-12
-23,-1,-26,-5,-21,3,-1,-13
14,-5,17,-6,21,-1,0,13
2,5,42,-18,-58,-5,1,4
-32,-33,1,-11,31,1,-14,-21
-40,-104,-18,-60,-42,-21,-11,-18
41,108,39,46,-36,32,19,-4
16,12,-30,46,-16,-6,14,12
-8,9,-20,-35,-11,-8,-1,35
-8,-1,-2,-1,6,-4,-4,-9
-29,-28,22,0,17,9,-11,-38
-5,13,16,6,25,-14,-7,-24
0,-25,-9,-2,-12,9,2,18
-44,-3,0,-11,-27,-11,1,-16
2,36,-1,-23,-10,-10,-1,20
49,58,36,21,-5,21,-14,-23
2,36,-1,-23,-10,-10,-1,20
49,58,36,21,-5,21,-14,-23
-21,-79,-37,4,9,-34,-8,-12
-4,-27,-29,-7,-17,-15,-1,1
